Malta	MLT	Bird species, threatened	EN.BIR.THRD.NO	nan	nan	nan	nan	nan	nan	nan	nan	nan	nan	nan	nan	nan	nan	nan	nan	nan	nan	nan	nan	nan	nan	nan	nan	nan	nan	nan	nan	nan	nan	nan	nan	nan	nan	nan	nan	nan	nan	nan	nan	nan	nan	nan	nan	nan	nan	nan	nan	nan	nan	nan	nan	nan	nan	nan	nan	nan	nan	5.0	nan	nan	
Malta	MLT	CO2 emissions (kt)	EN.ATM.CO2E.KT	341.031	293.36	330.03	410.704	498.712	473.043	414.371	520.714	638.058	652.726	663.727	660.06	839.743	806.74	744.401	667.394	762.736	803.073	935.085	905.749	1023.093	1144.104	1312.786	997.424	1364.124	1199.109	1485.135	1855.502	2013.183	2170.864	2320.0	2210.0	2170.0	2810.0	2510.0	2380.0	2320.0	2470.0	2370.0	2410.0	2130.0	2490.0	2320.0	2610.0	2600.0	2620.0	2650.0	2710.0	2720.0	2510.0	2580.0	2570.0	2710.0	2370.0	2350.0	1650.0	1350.0	1520.0	1550.0	nan	nan	
Malta	MLT	Electricity production from renewable sources, excluding hydroelectric (kWh)	EG.ELC.RNWX.KH	nan	nan	nan	nan	nan	nan	nan	nan	nan	nan	nan	0.0	0.0	0.0	0.0	0.0	0.0	0.0	0.0	0.0	0.0	0.0	0.0	0.0	0.0	0.0	0.0	0.0	0.0	0.0	0.0	0.0	0.0	0.0	0.0	0.0	0.0	0.0	0.0	0.0	0.0	0.0	0.0	0.0	0.0	0.0	0.0	0.0	0.0	0.0	1000000.0	10000000.0	26000000.0	35000000.0	75000000.0	100000000.0	nan	nan	nan	nan	nan	
Malta	MLT	Fish species, threatened	EN.FSH.THRD.NO	nan	nan	nan	nan	nan	nan	nan	nan	nan	nan	nan	nan	nan	nan	nan	nan	nan	nan	nan	nan	nan	nan	nan	nan	nan	nan	nan	nan	nan	nan	nan	nan	nan	nan	nan	nan	nan	nan	nan	nan	nan	nan	nan	nan	nan	nan	nan	nan	nan	nan	nan	nan	nan	nan	nan	nan	nan	nan	22.0	nan	nan	
Malta	MLT	Combustible renewables and waste (% of total energy)	EG.USE.CRNW.ZS	nan	nan	nan	nan	nan	nan	nan	nan	nan	nan	nan	0.0	0.0	0.0	0.0	0.0	0.0	0.0	0.0	0.0	0.0	0.0	0.0	0.0	0.0	0.0	0.0	0.0	0.0	0.0	0.0	0.0	0.0	0.0	0.0	0.0	0.0	0.0	0.0	0.0	0.0	0.0	0.0	0.0	0.0	0.0	0.0	0.0	0.0	0.0	0.19409653995043885	0.29815886299515887	0.4091004346122657	0.45527451868747626	0.8201072895124695	nan	nan	nan	nan	nan	nan	
Malta	MLT	Electricity production from oil, gas and coal sources (% of total)	EG.ELC.FOSL.ZS	nan	nan	nan	nan	nan	nan	nan	nan	nan	nan	nan	100.0	100.0	100.0	100.0	100.0	100.0	100.0	100.0	100.0	100.0	100.0	100.0	100.0	100.0	100.0	100.0	100.0	100.0	100.0	100.0	100.0	100.0	100.0	100.0	100.0	100.0	100.0	100.0	100.0	100.0	100.0	100.0	100.0	100.0	100.0	100.0	100.0	100.0	100.0	99.9526963103122	99.54107388710418	98.8666085440279	98.4451354953354	96.65924276169265	92.32540291634689	nan	nan	nan	nan	nan	
Malta	MLT	CO2 emissions (kg per 2015 US$ of GDP)	EN.ATM.CO2E.KD.GD	nan	nan	nan	nan	nan	nan	nan	nan	nan	nan	0.6994773306034774	0.6789513911943992	0.8161287805217844	0.752840059679301	0.6313056680060989	0.4734006375837577	0.46235067211794983	0.43393101758278346	0.4545311977537706	0.39846892446252297	0.42045179173131664	0.45511047278343136	0.5105468934914369	0.3902916579022578	0.5287979993600153	0.45311617899674195	0.5402107242157603	0.6482822080105822	0.648783229788591	0.6467040656855223	0.6502238108582751	0.5829236609284435	0.5467264386161501	0.6776108998091673	0.5728932987709322	0.5108226429824582	0.4798203360804807	0.4853295258269811	0.4429754043915531	0.43014886417849507	0.3176546022761335	0.37575670815627427	0.34134620690051465	0.3689819058728185	0.3670533232753328	0.3577712841897478	0.3530069256277313	0.3445483651774841	0.33307511050689736	0.31088479289371945	0.3027703882306939	0.3001947972236432	0.30402880490520245	0.25208733319452536	0.23223246054242153	0.1487634446609279	0.11693195586911946	0.12176971929883207	0.11805855126102945	nan	nan	
Malta	MLT	Renewable electricity output (% of total electricity output)	EG.ELC.RNEW.ZS	nan	nan	nan	nan	nan	nan	nan	nan	nan	nan	nan	nan	nan	nan	nan	nan	nan	nan	nan	nan	nan	nan	nan	nan	nan	nan	nan	nan	nan	nan	0.0	0.0	0.0	0.0	0.0	0.0	0.0	0.0	0.0	0.0	0.0	0.0	0.0	0.0	0.0	0.0	0.0	0.0	0.0	0.0	0.0473036896877957	0.458926112895824	1.1333914559721	1.55486450466459	3.34075723830735	7.67459708365311	nan	nan	nan	nan	nan	
Malta	MLT	CO2 emissions from gaseous fuel consumption (% of total)	EN.ATM.CO2E.GF.ZS	0.0	0.0	0.0	0.0	0.0	0.0	0.0	0.0	0.0	0.0	0.0	0.0	0.0	0.0	0.0	0.0	0.0	0.0	0.0	0.0	0.0	0.0	0.0	0.0	0.0	0.0	0.0	0.0	0.0	0.0	0.0	0.0	0.0	0.0	0.0	0.0	0.0	0.0	0.0	0.0	0.0	0.0	0.0	0.0	0.0	0.0	0.0	0.0	0.0	0.0	0.0	0.0	0.0	0.0	0.0	0.0	0.0	nan	nan	nan	nan	
Malta	MLT	Electricity production from oil sources (% of total)	EG.ELC.PETR.ZS	nan	nan	nan	nan	nan	nan	nan	nan	nan	nan	nan	100.0	100.0	100.0	100.0	100.0	100.0	100.0	100.0	100.0	100.0	100.0	94.63986599664992	82.37037037037037	79.14285714285715	56.37755102040817	70.94117647058825	63.13559322033898	57.57281553398058	43.81818181818182	44.09090909090909	58.42142353770261	62.41610738255034	60.0	76.70343932511356	94.48529411764706	100.0	100.0	100.0	100.0	100.0	100.0	100.0	100.0	100.0	100.0	100.0	100.0	100.0	100.0	99.9526963103122	99.54107388710418	98.8666085440279	98.4451354953354	96.65924276169265	92.32540291634689	nan	nan	nan	nan	nan	
Malta	MLT	GHG net emissions/removals by LUCF (Mt of CO2 equivalent)	EN.CLC.GHGR.MT.CE	nan	nan	nan	nan	nan	nan	nan	nan	nan	nan	nan	nan	nan	nan	nan	nan	nan	nan	nan	nan	nan	nan	nan	nan	nan	nan	nan	nan	nan	nan	-0.05696935027635506	-0.05696935027635506	-0.05696935027635506	-0.05696935027635506	-0.05696935027635506	-0.05696935027635506	-0.05846294486352839	-0.05846294486352839	-0.05846294486352839	-0.05783115986352839	-0.05783115986352839	-0.05783115986352839	-0.05783115986352839	-0.058927216363528385	-0.06009336596352839	-0.059000782163528394	-0.060787182163528394	-0.060779482163528395	-0.060779482163528395	-0.06076180000000005	nan	nan	nan	nan	nan	nan	nan	nan	nan	nan	nan	
Malta	MLT	CO2 emissions from liquid fuel consumption (% of total)	EN.ATM.CO2E.LF.ZS	96.77419354838709	97.5	97.7777777777778	98.21428571428571	97.79411764705883	99.2248062015504	98.23008849557522	99.29577464788731	98.85057471264369	99.43820224719101	99.44751381215468	100.0	100.0	99.54545454545453	100.0	100.0	100.0	100.0	100.0	100.0	99.64157706093191	99.67948717948717	95.25139664804469	86.02941176470587	81.72043010752688	58.71559633027523	77.77777777777779	77.86561264822134	72.49544626593807	68.41216216216216	67.6498275862069	72.51036199095023	76.21276497695852	73.20950177935943	79.3299203187251	88.4394117647059	93.88784482758619	99.02384615384616	90.51455696202532	97.38091286307055	99.33610328638497	99.84843373493976	99.10383620689655	98.91065134099618	99.009	103.01190839694657	97.14090566037736	100.53804428044282	94.10169117647058	98.7606374501992	99.20798449612403	99.165953307393	98.91428044280444	99.02447257383967	99.86723404255319	98.23115151515151	99.41644444444445	nan	nan	nan	nan	
Malta	MLT	Renewable energy consumption (% of total final energy consumption)	EG.FEC.RNEW.ZS	nan	nan	nan	nan	nan	nan	nan	nan	nan	nan	nan	nan	nan	nan	nan	nan	nan	nan	nan	nan	nan	nan	nan	nan	nan	nan	nan	nan	nan	nan	0.0	0.0	0.0	0.0	0.0	0.0	0.0	0.0	0.0	0.0	0.0	0.0	0.0872000008821487	0.0986000001430511	0.119499996304512	0.140499994158745	0.170800000429153	0.203400000929832	0.223800003528595	0.256399989128113	1.22679996490479	1.97239995002747	2.67549991607666	3.24519991874695	4.4899001121521	6.00190019607544	9.25279998779297	7.25339984893799	7.46479988098145	nan	nan	
Malta	MLT	CO2 emissions from residential buildings and commercial and public services (% of total fuel combustion)	EN.CO2.BLDG.ZS	nan	nan	nan	nan	nan	nan	nan	nan	nan	nan	nan	15.384615384615385	9.63855421686747	15.189873417721516	15.068493150684931	13.846153846153845	16.216216216216218	15.384615384615383	13.043478260869565	8.98876404494382	8.080808080808081	7.079646017699116	5.426356589147288	7.216494845360826	7.518796992481203	4.310344827586207	3.7433155080213907	4.591836734693878	4.205607476635514	3.8793103448275863	3.896103896103896	4.524886877828055	4.6082949308755765	3.558718861209965	3.9840637450199208	4.621848739495799	4.741379310344828	4.048582995951417	2.5316455696202533	3.319502074688797	3.755868544600939	3.2128514056224895	3.8793103448275863	3.831417624521073	3.8461538461538463	2.205882352941176	2.3166023166023164	2.1818181818181817	2.3255813953488373	2.42914979757085	5.447470817120624	3.501945525291829	4.0740740740740735	5.9071729957805905	6.4102564102564115	nan	nan	nan	nan	nan	nan	
Malta	MLT	CO2 emissions (kg per PPP $ of GDP)	EN.ATM.CO2E.PP.GD	nan	nan	nan	nan	nan	nan	nan	nan	nan	nan	nan	nan	nan	nan	nan	nan	nan	nan	nan	nan	nan	nan	nan	nan	nan	nan	nan	nan	nan	nan	0.7262703896702943	0.6298008244747272	0.5775312978564565	0.6992165318633325	0.5788001726965649	0.5054899095913523	0.46701853452757325	0.4668979193895836	0.4250881649078443	0.411508919188006	0.29747603416628277	0.3422594088474249	0.29893173615820406	0.3128715981856968	0.30073484526818256	0.29084699810079084	0.2803588544889606	0.2658908350725565	0.25050244873759847	0.2283406443926474	0.21670128863361734	0.21308975519910145	0.21333106318530007	0.1722763679979601	0.15745953399380222	0.09898286827283483	0.07432762375346727	0.07616227513659304	0.07232901138199638	nan	nan	
Malta	MLT	GDP per unit of energy use (constant 2017 PPP $ per kg of oil equivalent)	EG.GDP.PUSE.KO.PP.KD	nan	nan	nan	nan	nan	nan	nan	nan	nan	nan	nan	nan	nan	nan	nan	nan	nan	nan	nan	nan	nan	nan	nan	nan	nan	nan	nan	nan	nan	nan	8.210939096381344	9.022234870851776	9.552569917261986	7.800836075357543	9.088826596461514	10.503494494426802	11.079053536015612	10.382223988432226	12.383555330850731	11.892430599836624	15.870388733858718	13.469409257874013	14.818717356543956	13.69722331309687	13.65702198099878	13.292541970999899	14.405226131077145	14.33699038559326	15.607027622467374	16.582697925538426	16.333401921306802	16.495952088870823	16.231085571869766	19.56926118500948	20.89823842652531	nan	nan	nan	nan	nan	nan	
Malta	MLT	Energy intensity level of primary energy (MJ/$2011 PPP GDP)	EG.EGY.PRIM.PP.KD	nan	nan	nan	nan	nan	nan	nan	nan	nan	nan	nan	nan	nan	nan	nan	nan	nan	nan	nan	nan	nan	nan	nan	nan	nan	nan	nan	nan	nan	nan	4.94868760830833	4.50369269794207	4.25365868646795	5.20884846369546	4.47069511375482	3.86855746869692	3.66758512885191	3.91374454606333	3.28123633946334	3.41674246457064	2.86993106181074	3.39439533276167	3.07792891891008	3.46103449875325	3.4936725689685	3.57970398296157	3.31245081597455	3.34403004114013	3.06972904782331	2.93863947088279	3.01906598643868	2.96181253484107	3.09999380987815	2.63548988143364	2.34512701479958	1.80845409467434	nan	nan	nan	nan	nan	
Malta	MLT	CO2 emissions from other sectors, excluding residential buildings and commercial and public services (% of total fuel combustion)	EN.CO2.OTHX.ZS	nan	nan	nan	nan	nan	nan	nan	nan	nan	nan	nan	0.0	0.0	0.0	0.0	0.0	0.0	0.0	0.0	0.0	0.0	0.0	0.0	0.0	0.0	0.0	0.0	0.0	0.0	0.0	0.0	0.0	0.0	0.0	0.0	0.0	1.7241379310344827	1.214574898785425	1.2658227848101267	1.2448132780082988	0.4694835680751171	0.401606425702811	0.4310344827586211	0.0	0.3846153846153844	0.0	0.0	0.0	0.0	-2.1069515902552312e-16	0.38910505836575804	0.7782101167315177	0.7407407407407408	0.8438818565400845	0.8547008547008554	nan	nan	nan	nan	nan	nan	
Malta	MLT	CO2 emissions from solid fuel consumption (% of total)	EN.ATM.CO2E.SF.ZS	2.150537634408602	2.5	2.2222222222222223	1.7857142857142856	2.205882352941176	0.7751937984496124	1.7699115044247788	0.704225352112676	1.1494252873563218	0.5617977528089888	0.5524861878453038	0.0	0.0	0.45454545454545453	0.49261083743842365	0.0	0.0	0.0	0.0	0.0	0.35842293906810035	0.3205128205128205	4.748603351955307	13.970588235294118	18.27956989247312	41.284403669724774	22.22222222222222	22.134387351778656	27.504553734061933	31.58783783783784	29.241163793103446	24.88914027149321	21.461244239631334	24.14217081850534	18.26195219123506	5.238571428571428	0.0	0.0	0.0	0.0	0.0	0.0	0.0	0.0	0.0	0.0	0.0	0.0	0.0	0.0	0.0	0.0	0.0	0.0	0.0	0.0	0.0	nan	nan	nan	nan	
Malta	MLT	Fossil fuel energy consumption (% of total)	EG.USE.COMM.FO.ZS	nan	nan	nan	nan	nan	nan	nan	nan	nan	nan	nan	nan	100.0	nan	nan	100.0	100.0	99.999604109345	100.0	99.99964834051892	100.0	100.0	nan	nan	99.99975708462686	100.0	100.0	nan	100.0	100.0	100.0	100.0	100.0	nan	nan	100.0	100.0	100.0	99.9998552304514	100.0	nan	nan	99.9674076094368	99.96233325501234	99.95104033263631	99.94039644876365	99.92246629204043	99.91016083263122	99.89146247147602	99.88027152157939	99.67246958175133	99.23845357507422	99.03840897287546	98.75759658797983	97.78846166266452	nan	nan	nan	nan	nan	nan	
Malta	MLT	Access to electricity (% of population)	EG.ELC.ACCS.ZS	nan	nan	nan	nan	nan	nan	nan	nan	nan	nan	nan	nan	nan	nan	nan	nan	nan	nan	nan	nan	nan	nan	nan	nan	nan	nan	nan	nan	nan	nan	100.0	100.0	100.0	100.0	100.0	100.0	100.0	100.0	100.0	100.0	100.0	100.0	100.0	100.0	100.0	100.0	100.0	100.0	100.0	100.0	100.0	100.0	100.0	100.0	100.0	100.0	100.0	100.0	100.0	100.0	nan	
Malta	MLT	Population density (people per sq. km of land area)	EN.POP.DNST	nan	1016.40625	1012.1875	1007.96875	1003.90625	996.25	985.0	973.59375	962.1875	950.9375	945.78125	945.9375	945.15625	944.375	943.7375	950.69375	955.54375	959.28125	969.31875	979.19375	989.515625	996.81875	1018.43125	1032.8875	1033.103125	1051.4125	1069.128125	1076.515625	1085.390625	1096.00625	1106.78125	1137.015625	1148.80625	1160.3375	1171.240625	1179.434375	1187.203125	1196.221875	1204.021875	1211.18125	1219.021875	1228.2125	1237.403125	1245.56875	1253.9625	1261.98125	1266.5875	1271.0125	1279.309375	1288.990625	1295.3375	1300.8375	1312.5875	1331.146875	1357.99375	1390.790625	1422.9875	1462.496875	1514.46875	1575.19375	1641.515625	
Malta	MLT	CO2 intensity (kg per kg of oil equivalent energy use)	EN.ATM.CO2E.EG.ZS	nan	nan	nan	nan	nan	nan	nan	nan	nan	nan	nan	3.1332061177408788	3.1802544224746168	3.1611945094259037	3.1786606429904305	3.188680417198198	3.2055408228020994	3.179290959836893	3.172156089816439	3.1851522333893647	3.2145745553261884	3.175473363419874	3.207659566150132	3.193034013605442	3.3136669047237324	3.480793513946582	2.5868114220421585	3.076740167873263	3.0973189779314927	3.1209587449825755	3.3393066620607263	3.289473684210526	3.2665619961854984	3.3061468446887514	3.2567330685561773	3.3558655736133085	3.324925475808301	3.151575468749003	3.431038301679471	3.1995581688968424	3.1531404835111476	3.165598965650073	3.163780171825992	3.161099820507665	3.1353481562946937	2.974501033128221	3.1805623234187803	3.089646491997131	3.2513444667974376	3.2244472192675495	3.0930764241638804	3.0972848742827734	3.0864759961003343	3.085503601056102	3.035520759732719	nan	nan	nan	nan	nan	nan	
Malta	MLT	Electricity production from natural gas sources (% of total)	EG.ELC.NGAS.ZS	nan	nan	nan	nan	nan	nan	nan	nan	nan	nan	nan	0.0	0.0	0.0	0.0	0.0	0.0	0.0	0.0	0.0	0.0	0.0	0.0	0.0	0.0	0.0	0.0	0.0	0.0	0.0	0.0	0.0	0.0	0.0	0.0	0.0	0.0	0.0	0.0	0.0	0.0	0.0	0.0	0.0	0.0	0.0	0.0	0.0	0.0	0.0	0.0	0.0	0.0	0.0	0.0	0.0	nan	nan	nan	nan	nan	
Malta	MLT	CO2 emissions from manufacturing industries and construction (% of total fuel combustion)	EN.CO2.MANF.ZS	nan	nan	nan	nan	nan	nan	nan	nan	nan	nan	nan	0.0	0.0	0.0	0.0	0.0	0.0	0.0	0.0	0.0	0.0	0.0	0.0	0.0	0.0	0.0	0.0	0.0	0.0	0.0	0.0	0.0	0.0	0.0	0.0	0.0	0.0	0.0	0.42194092827004215	0.4149377593360996	0.0	0.0	0.0	0.0	0.0	0.0	0.0	0.0	0.0	3.643724696356275	0.7782101167315176	0.7782101167315176	0.7407407407407407	1.2658227848101267	1.282051282051282	nan	nan	nan	nan	nan	nan	
Malta	MLT	CO2 emissions from solid fuel consumption (kt)	EN.ATM.CO2E.SF.KT	7.334	7.334	7.334	7.334	11.001	3.667	7.334	3.667	7.334	3.667	3.667	0.0	0.0	3.667	3.667	0.0	0.0	0.0	0.0	0.0	3.667	3.667	62.339	139.346	249.356	495.045	330.03	410.704	553.717	685.729	678.395	550.05	465.709	678.395	458.375	124.678	0.0	0.0	0.0	0.0	0.0	0.0	0.0	0.0	0.0	0.0	0.0	0.0	0.0	0.0	0.0	0.0	0.0	0.0	0.0	0.0	0.0	nan	nan	nan	nan	
Malta	MLT	Alternative and nuclear energy (% of total energy use)	EG.USE.COMM.CL.ZS	nan	nan	nan	nan	nan	nan	nan	nan	nan	nan	nan	0.0	0.0	0.0	0.0	0.0	0.0	0.0	0.0	0.0	0.0	0.0	0.0	0.0	0.0	0.0	0.0	0.0	0.0	0.0	0.0	0.0	0.0	0.0	0.0	0.0	0.0	0.0	0.0	0.0	0.0	0.0	0.032592390563207424	0.03754563005200675	0.048959667363678676	0.05960355123634795	0.0774136867398156	0.08983916736877268	0.10841799380092926	0.11960001438797166	0.4769092254001518	0.6602197746574608	0.8206591163795065	1.0015519952923289	1.466562640877227	nan	nan	nan	nan	nan	nan	
Malta	MLT	Access to electricity, urban (% of urban population)	EG.ELC.ACCS.UR.ZS	nan	nan	nan	nan	nan	nan	nan	nan	nan	nan	nan	nan	nan	nan	nan	nan	nan	nan	nan	nan	nan	nan	nan	nan	nan	nan	nan	nan	nan	nan	100.0	100.0	100.0	100.0	100.0	100.0	100.0	100.0	100.0	100.0	100.0	100.0	100.0	100.0	100.0	100.0	100.0	100.0	100.0	100.0	100.0	100.0	100.0	100.0	100.0	100.0	100.0	100.0	100.0	100.0	nan	
Malta	MLT	CO2 emissions from gaseous fuel consumption (kt)	EN.ATM.CO2E.GF.KT	0.0	0.0	0.0	0.0	0.0	0.0	0.0	0.0	0.0	0.0	0.0	0.0	0.0	0.0	0.0	0.0	0.0	0.0	0.0	0.0	0.0	0.0	0.0	0.0	0.0	0.0	0.0	0.0	0.0	0.0	0.0	0.0	0.0	0.0	0.0	0.0	0.0	0.0	0.0	0.0	0.0	0.0	0.0	0.0	0.0	0.0	0.0	0.0	0.0	0.0	0.0	0.0	0.0	0.0	0.0	0.0	0.0	nan	nan	nan	nan	
Malta	MLT	Electricity production from nuclear sources (% of total)	EG.ELC.NUCL.ZS	nan	nan	nan	nan	nan	nan	nan	nan	nan	nan	nan	0.0	0.0	0.0	0.0	0.0	0.0	0.0	0.0	0.0	0.0	0.0	0.0	0.0	0.0	0.0	0.0	0.0	0.0	0.0	0.0	0.0	0.0	0.0	0.0	0.0	0.0	0.0	0.0	0.0	0.0	0.0	0.0	0.0	0.0	0.0	0.0	0.0	0.0	0.0	0.0	0.0	0.0	0.0	0.0	nan	nan	nan	nan	nan	nan	
Malta	MLT	CO2 emissions from electricity and heat production, total (% of total fuel combustion)	EN.CO2.ETOT.ZS	nan	nan	nan	nan	nan	nan	nan	nan	nan	nan	nan	53.84615384615385	63.85542168674699	54.43037974683544	54.79452054794521	56.92307692307692	58.108108108108105	58.97435897435898	65.21739130434781	67.41573033707866	64.64646464646465	68.14159292035399	70.54263565891473	62.88659793814433	70.67669172932331	82.75862068965517	72.19251336898395	72.44897959183673	74.76635514018692	76.72413793103449	76.62337662337663	72.85067873303169	70.96774193548387	75.08896797153024	72.11155378486058	66.38655462184875	70.25862068965517	64.77732793522267	68.35443037974683	70.12448132780082	74.64788732394368	79.51807228915662	83.62068965517241	81.99233716475096	78.46153846153847	86.02941176470587	84.16988416988418	85.45454545454547	76.74418604651162	75.30364372469636	72.37354085603114	73.92996108949417	74.81481481481481	69.19831223628691	68.37606837606839	nan	nan	nan	nan	nan	nan	
Malta	MLT	CO2 emissions (kg per 2017 PPP $ of GDP)	EN.ATM.CO2E.PP.GD.KD	nan	nan	nan	nan	nan	nan	nan	nan	nan	nan	nan	nan	nan	nan	nan	nan	nan	nan	nan	nan	nan	nan	nan	nan	nan	nan	nan	nan	nan	nan	0.40668998062991335	0.36459632577709344	0.34195635566955157	0.4238195512315285	0.3583227200994348	0.3194999126618236	0.30010916230341206	0.3035549485601985	0.2770640748971212	0.26904156741018087	0.19868073406318476	0.2350213661968517	0.21349892137789273	0.230783987984274	0.22957773375901064	0.22377217537605953	0.22079225237271266	0.21550174819826964	0.20832566875943162	0.19444647871813986	0.18937123074948553	0.18776029765340985	0.19015832197012952	0.15767092951979564	0.14525247046085243	0.09304581194547924	0.07313644021226919	0.07616227513659304	0.07384108229160004	nan	nan	
Malta	MLT	Energy imports, net (% of energy use)	EG.IMP.CONS.ZS	nan	nan	nan	nan	nan	nan	nan	nan	nan	nan	nan	100.0	100.0	100.0	100.0	100.0	100.0	100.0	100.0	100.0	100.0	100.0	100.0	100.0	100.0	100.0	100.0	100.0	100.0	100.0	100.0	100.0	100.0	100.0	100.0	100.0	100.0	100.0	100.0	100.0	100.0	100.0	99.96740760943679	99.96245436994799	99.95104033263632	99.94039644876366	99.92258631326018	99.91016083263122	99.89158200619906	99.88039998561203	99.41771038014868	99.20049074490304	99.020755696883	98.83961630395726	98.38148616512974	nan	nan	nan	nan	nan	nan	
Malta	MLT	Access to electricity, rural (% of rural population)	EG.ELC.ACCS.RU.ZS	nan	nan	nan	nan	nan	nan	nan	nan	nan	nan	nan	nan	nan	nan	nan	nan	nan	nan	nan	nan	nan	nan	nan	nan	nan	nan	nan	nan	nan	nan	100.0	100.0	100.0	100.0	100.0	100.0	100.0	100.0	100.0	100.0	100.0	100.0	100.0	100.0	100.0	100.0	100.0	100.0	100.0	100.0	100.0	100.0	100.0	100.0	100.0	100.0	100.0	100.0	100.0	100.0	nan	
Malta	MLT	Mammal species, threatened	EN.MAM.THRD.NO	nan	nan	nan	nan	nan	nan	nan	nan	nan	nan	nan	nan	nan	nan	nan	nan	nan	nan	nan	nan	nan	nan	nan	nan	nan	nan	nan	nan	nan	nan	nan	nan	nan	nan	nan	nan	nan	nan	nan	nan	nan	nan	nan	nan	nan	nan	nan	nan	nan	nan	nan	nan	nan	nan	nan	nan	nan	nan	2.0	nan	nan	
Malta	MLT	Energy use (kg of oil equivalent per capita)	EG.USE.PCAP.KG.OE	nan	nan	nan	nan	nan	nan	nan	nan	nan	nan	nan	695.9563924677899	873.0335592659943	844.4771674387823	775.463913429317	687.9877194943166	778.1662273443785	822.8654265889174	950.3420572438116	907.5259620478582	1005.122455746972	1129.5120100820734	1255.810100092667	945.0902203773402	1245.2350775727252	1023.899397239428	1678.1138836844277	1750.6538746244394	1871.3769524220831	1983.268799790147	1961.6427139509274	1846.5005702977917	1807.0578698540332	2289.0215131373416	2056.342500073373	1879.0945871829454	1836.6696937392242	2047.4227450488647	1792.8271652041205	1943.4255814313508	1731.708567575951	2001.335782692327	1851.91264972763	2071.49846204796	2066.5839289452433	2181.1437372781884	2055.686046167359	2156.5557970515633	2043.5269029432384	1887.203407705157	2012.3158057263065	1993.3288170121173	2090.3939737350843	1803.210107825254	1781.5044251860513	nan	nan	nan	nan	nan	nan	
Malta	MLT	Electric power transmission and distribution losses (% of output)	EG.ELC.LOSS.ZS	nan	nan	nan	nan	nan	nan	nan	nan	nan	nan	nan	0.0	0.0	0.0	0.0	0.0	0.0	0.0	0.0	0.0	0.0	0.0	0.0	8.88888888888889	9.285714285714286	9.438775510204081	9.411764705882353	9.216101694915254	9.223300970873787	9.090909090909092	9.090909090909092	7.751937984496124	8.053691275167784	8.0	9.149902660609992	9.313725490196079	13.148371531966225	13.107947805456702	12.20220801859384	12.243797195253507	12.258737610850288	13.175501801338138	13.157894736842104	13.148479427549194	13.131768953068592	11.428571428571429	12.206988058381247	13.67595818815331	14.359861591695502	15.636531365313653	6.5279091769157995	7.021569527306104	8.413251961639059	6.974677920924035	4.67706013363029	nan	nan	nan	nan	nan	nan	
Malta	MLT	Droughts, floods, extreme temperatures (% of population, average 1990-2009)	EN.CLC.MDAT.ZS	nan	nan	nan	nan	nan	nan	nan	nan	nan	nan	nan	nan	nan	nan	nan	nan	nan	nan	nan	nan	nan	nan	nan	nan	nan	nan	nan	nan	nan	nan	nan	nan	nan	nan	nan	nan	nan	nan	nan	nan	nan	nan	nan	nan	nan	nan	nan	nan	nan	nan	nan	nan	nan	nan	nan	nan	nan	nan	nan	nan	nan	
Malta	MLT	CO2 emissions (metric tons per capita)	EN.ATM.CO2E.PC	1.0443454294901242	0.9019523443504996	1.0189255943192341	1.273303363819563	1.5524108949416342	1.483823713927227	1.314628807106599	1.671365751885733	2.0722897044494966	2.1450082155767336	2.193051379481249	2.1805748265609513	2.7764688378244338	2.669556585043018	2.4649366216771083	2.193772968424374	2.494443608678305	2.6161286119164737	3.0146333442946402	2.890608344875567	3.231041071231189	3.586735301678465	4.028211280830199	3.0177052195907104	4.126294265153829	3.5639823808448154	4.340964161802403	5.3863070960999755	5.796251349600518	6.189700104356157	6.550526583279216	6.074015033874314	5.902866562573106	7.567841253083693	6.696958620266438	6.305988834690357	6.106789855358576	6.452607297454747	6.151258672106768	6.218103194711775	5.460320390066832	6.335426483609311	5.85904452116201	6.548213416561711	6.4794601114467145	6.487814299935121	6.538237587217623	6.66299505315644	6.644209888636203	6.085187780167137	6.224246576664383	6.173907194403605	6.451950822326131	5.563811281155583	5.407793666207963	3.7074236102217037	2.964713323202066	3.2478701877568112	3.198316241256216	nan	nan	
Malta	MLT	GDP per unit of energy use (PPP $ per kg of oil equivalent)	EG.GDP.PUSE.KO.PP	nan	nan	nan	nan	nan	nan	nan	nan	nan	nan	nan	nan	nan	nan	nan	nan	nan	nan	nan	nan	nan	nan	nan	nan	nan	nan	nan	nan	nan	nan	4.597883528718105	5.2230380723207945	5.65607787544943	4.728359090535583	5.626696781003751	6.638837907419862	7.119472205041562	6.7500310836024555	8.071356920565627	7.775185469151547	10.59964542134715	9.249121817601393	10.583620904511859	10.10350520417477	10.425623121586472	10.227030199904041	11.344611637882185	11.619981151866426	12.979292151364254	14.121214503200278	14.273456533954569	14.535118647017125	14.468010190430688	17.910196487846996	19.278100745885606	nan	nan	nan	nan	nan	nan	
Malta	MLT	Access to clean fuels and technologies for cooking (% of population)	EG.CFT.ACCS.ZS	nan	nan	nan	nan	nan	nan	nan	nan	nan	nan	nan	nan	nan	nan	nan	nan	nan	nan	nan	nan	nan	nan	nan	nan	nan	nan	nan	nan	nan	nan	nan	nan	nan	nan	nan	nan	nan	nan	nan	nan	100.0	100.0	100.0	100.0	100.0	100.0	100.0	100.0	100.0	100.0	100.0	100.0	100.0	100.0	100.0	100.0	100.0	100.0	100.0	100.0	nan	
Malta	MLT	Disaster risk reduction progress score (1-5 scale; 5=best)	EN.CLC.DRSK.XQ	nan	nan	nan	nan	nan	nan	nan	nan	nan	nan	nan	nan	nan	nan	nan	nan	nan	nan	nan	nan	nan	nan	nan	nan	nan	nan	nan	nan	nan	nan	nan	nan	nan	nan	nan	nan	nan	nan	nan	nan	nan	nan	nan	nan	nan	nan	nan	nan	nan	nan	nan	nan	nan	nan	nan	nan	nan	nan	nan	nan	nan	
Malta	MLT	CO2 emissions from liquid fuel consumption (kt)	EN.ATM.CO2E.LF.KT	330.03	286.026	322.696	403.37	487.711	469.376	407.037	517.047	630.724	649.059	660.06	660.06	839.743	803.073	744.401	667.394	762.736	803.073	935.085	905.749	1019.426	1140.437	1250.447	858.078	1114.768	704.064	1155.105	1444.798	1459.466	1485.135	1569.476	1602.479	1653.817	2057.187	1991.181	2104.858	2178.198	2445.889	2145.195	2346.88	2115.859	2486.226	2299.209	2581.568	2574.234	2698.912	2574.234	2724.581	2559.566	2478.892	2559.566	2548.565	2680.577	2346.88	2346.88	1620.814	1342.122	nan	nan	nan	nan	
Malta	MLT	Electricity production from renewable sources, excluding hydroelectric (% of total)	EG.ELC.RNWX.ZS	nan	nan	nan	nan	nan	nan	nan	nan	nan	nan	nan	0.0	0.0	0.0	0.0	0.0	0.0	0.0	0.0	0.0	0.0	0.0	0.0	0.0	0.0	0.0	0.0	0.0	0.0	0.0	0.0	0.0	0.0	0.0	0.0	0.0	0.0	0.0	0.0	0.0	0.0	0.0	0.0	0.0	0.0	0.0	0.0	0.0	0.0	0.0	0.04730368968779565	0.4589261128958238	1.1333914559721012	1.5548645046645935	3.34075723830735	7.674597083653108	nan	nan	nan	nan	nan	
Malta	MLT	CO2 emissions from transport (% of total fuel combustion)	EN.CO2.TRAN.ZS	nan	nan	nan	nan	nan	nan	nan	nan	nan	nan	nan	30.76923076923077	26.506024096385545	30.379746835443033	30.136986301369863	29.230769230769234	25.675675675675674	24.358974358974358	21.73913043478261	22.471910112359552	27.272727272727277	23.893805309734518	24.031007751937985	29.896907216494846	22.55639097744361	12.06896551724138	24.06417112299465	22.95918367346939	21.02803738317757	19.396551724137932	19.480519480519483	23.076923076923077	24.423963133640555	20.99644128113879	23.50597609561753	28.99159663865546	23.27586206896552	30.364372469635626	27.42616033755274	24.896265560165972	21.5962441314554	17.26907630522088	12.5	13.793103448275861	17.307692307692307	11.76470588235294	13.513513513513514	12.363636363636363	20.930232558139537	18.623481781376515	21.011673151750976	20.622568093385215	19.62962962962963	22.362869198312236	23.07692307692308	nan	nan	nan	nan	nan	nan	
Malta	MLT	Energy use (kg of oil equivalent) per $1,000 GDP (constant 2017 PPP)	EG.USE.COMM.GD.PP.KD	nan	nan	nan	nan	nan	nan	nan	nan	nan	nan	nan	nan	nan	nan	nan	nan	nan	nan	nan	nan	nan	nan	nan	nan	nan	nan	nan	nan	nan	nan	121.78874891919631	110.83728303623641	104.68387132063263	128.1913874794717	110.02520395639661	95.20640968875685	90.26041771070206	96.31847676511222	80.75225355586969	84.08709990821708	63.01042884138985	74.24230572067704	67.48222372690032	73.00749773451021	73.22240539638254	75.23015553997739	69.41925040958905	69.74964571398925	64.07369963005846	60.30381814167498	61.22423269922156	60.62093261501777	61.61017361236199	51.100549507000494	47.85092310607096	nan	nan	nan	nan	nan	nan	
Malta	MLT	Electricity production from coal sources (% of total)	EG.ELC.COAL.ZS	nan	nan	nan	nan	nan	nan	nan	nan	nan	nan	nan	0.0	0.0	0.0	0.0	0.0	0.0	0.0	0.0	0.0	0.0	0.0	5.360134003350084	17.62962962962963	20.857142857142858	43.62244897959184	29.058823529411764	36.86440677966102	42.42718446601942	56.18181818181818	55.90909090909091	41.5785764622974	37.58389261744966	40.0	23.29656067488644	5.514705882352941	0.0	0.0	0.0	0.0	0.0	0.0	0.0	0.0	0.0	0.0	0.0	0.0	0.0	0.0	0.0	0.0	0.0	0.0	0.0	0.0	nan	nan	nan	nan	nan	
Malta	MLT	Plant species (higher), threatened	EN.HPT.THRD.NO	nan	nan	nan	nan	nan	nan	nan	nan	nan	nan	nan	nan	nan	nan	nan	nan	nan	nan	nan	nan	nan	nan	nan	nan	nan	nan	nan	nan	nan	nan	nan	nan	nan	nan	nan	nan	nan	nan	nan	nan	nan	nan	nan	nan	nan	nan	nan	nan	nan	nan	nan	nan	nan	nan	nan	nan	nan	nan	4.0	nan	nan	
Malta	MLT	Electric power consumption (kWh per capita)	EG.USE.ELEC.KH.PC	nan	nan	nan	nan	nan	nan	nan	nan	nan	nan	nan	1007.598282127519	1071.251446520086	1207.8093977498345	1006.6358494814501	1111.030760431527	1249.2886903399242	1358.4389354008536	1479.77638934561	1598.8919455419318	1664.3244011432362	1749.3150083703783	1831.8615026787522	1860.681826433179	1920.7908213422547	2110.2564407404325	2250.665700147024	2487.7716010856784	2692.0031670625494	2851.2611127901873	2823.502837620352	3597.6858277563247	3726.6945579378594	3716.5910780268673	3735.3554057263	3921.3712081267768	3790.4212895329097	3827.1537209600015	3921.7518369423315	4197.864687882181	4311.858636663103	4292.315051344943	4500.352300306337	4872.272204966606	4797.2925825134325	4912.9097599508705	4897.51004174603	4873.083466921057	4836.593963051353	4434.186633436531	4767.097378096442	4867.056799946188	5002.047482548783	4915.873764869109	4924.544019440443	nan	nan	nan	nan	nan	nan	
Malta	MLT	Electricity production from hydroelectric sources (% of total)	EG.ELC.HYRO.ZS	nan	nan	nan	nan	nan	nan	nan	nan	nan	nan	nan	0.0	0.0	0.0	0.0	0.0	0.0	0.0	0.0	0.0	0.0	0.0	0.0	0.0	0.0	0.0	0.0	0.0	0.0	0.0	0.0	0.0	0.0	0.0	0.0	0.0	0.0	0.0	0.0	0.0	0.0	0.0	0.0	0.0	0.0	0.0	0.0	0.0	0.0	0.0	0.0	0.0	0.0	0.0	0.0	0.0	nan	nan	nan	nan	nan	
