Slovenia	SVN	Mammal species, threatened	EN.MAM.THRD.NO	nan	nan	nan	nan	nan	nan	nan	nan	nan	nan	nan	nan	nan	nan	nan	nan	nan	nan	nan	nan	nan	nan	nan	nan	nan	nan	nan	nan	nan	nan	nan	nan	nan	nan	nan	nan	nan	nan	nan	nan	nan	nan	nan	nan	nan	nan	nan	nan	nan	nan	nan	nan	nan	nan	nan	nan	nan	nan	6.0	nan	nan	
Slovenia	SVN	Energy use (kg of oil equivalent per capita)	EG.USE.PCAP.KG.OE	nan	nan	nan	nan	nan	nan	nan	nan	nan	nan	nan	nan	nan	nan	nan	nan	nan	nan	nan	nan	nan	nan	nan	nan	nan	nan	nan	nan	nan	nan	2857.564530585874	2778.950390336441	2584.3351708842183	2715.3899141758034	2827.9171607329286	3049.38659371055	3180.2061521813034	3310.400633246658	3253.808861295429	3242.4861765618025	3224.379501489498	3381.112014698352	3424.452878623034	3463.524930439092	3571.194865128502	3645.837436527543	3648.982892746309	3632.5653255848756	3836.6217850153066	3496.2295352824403	3579.0724613061807	3567.9830362088087	3424.040144684976	3330.9900759871703	3236.2360449664884	3174.872584904225	nan	nan	nan	nan	nan	
Slovenia	SVN	Electric power transmission and distribution losses (% of output)	EG.ELC.LOSS.ZS	nan	nan	nan	nan	nan	nan	nan	nan	nan	nan	nan	nan	nan	nan	nan	nan	nan	nan	nan	nan	nan	nan	nan	nan	nan	nan	nan	nan	nan	nan	6.396657023465124	4.339296924042687	5.3629293583927415	5.583458898376025	4.156649864288483	5.335708201037714	5.560235888795282	5.214025500910747	5.550699300699301	5.044488010858091	5.952730475631239	5.039402737453339	5.048636799561583	6.193921852387843	5.723266321786393	6.30416087848118	5.709560039695667	5.763478029648341	4.951521434233794	5.444126074498568	6.041218086742541	5.177505497957902	5.627733470542835	5.364033145676514	4.78354600011653	nan	nan	nan	nan	nan	nan	
Slovenia	SVN	Disaster risk reduction progress score (1-5 scale; 5=best)	EN.CLC.DRSK.XQ	nan	nan	nan	nan	nan	nan	nan	nan	nan	nan	nan	nan	nan	nan	nan	nan	nan	nan	nan	nan	nan	nan	nan	nan	nan	nan	nan	nan	nan	nan	nan	nan	nan	nan	nan	nan	nan	nan	nan	nan	nan	nan	nan	nan	nan	nan	nan	nan	nan	nan	nan	nan	nan	nan	nan	nan	nan	nan	nan	nan	nan	
Slovenia	SVN	CO2 emissions from liquid fuel consumption (kt)	EN.ATM.CO2E.LF.KT	nan	nan	nan	nan	nan	nan	nan	nan	nan	nan	nan	nan	nan	nan	nan	nan	nan	nan	nan	nan	nan	nan	nan	nan	nan	nan	nan	nan	nan	nan	nan	nan	4745.098	5768.191	6200.897	6758.281	7744.704	7931.721	7110.313	7444.01	6703.276	6978.301	6765.615	6893.96	6992.969	7124.981	7348.668	7216.656	8408.431	7256.993	7352.335	7330.333	7124.981	6714.277	6556.596	6479.589	6820.62	nan	nan	nan	nan	
Slovenia	SVN	Electricity production from renewable sources, excluding hydroelectric (% of total)	EG.ELC.RNWX.ZS	nan	nan	nan	nan	nan	nan	nan	nan	nan	nan	nan	nan	nan	nan	nan	nan	nan	nan	nan	nan	nan	nan	nan	nan	nan	nan	nan	nan	nan	nan	0.0	0.0	0.0	0.0	0.0	0.0	0.0	0.0	0.0	0.23375056552556178	0.5137991779213152	0.4977187888842804	0.6987258528565558	0.8827785817655571	0.7923515159452558	0.7541178805318516	0.740985775719484	0.7511799508076846	1.7684005122263553	1.1705175882460526	1.4211011996308829	1.9981149858623939	2.7656290198096216	3.0425706875830225	3.023946862436637	3.691705473442667	nan	nan	nan	nan	nan	
Slovenia	SVN	GHG net emissions/removals by LUCF (Mt of CO2 equivalent)	EN.CLC.GHGR.MT.CE	nan	nan	nan	nan	nan	nan	nan	nan	nan	nan	nan	nan	nan	nan	nan	nan	nan	nan	nan	nan	nan	nan	nan	nan	nan	nan	nan	nan	nan	nan	-7.273874401537378	-7.257302365785601	-7.294606162757331	-7.3495669392587	-7.344445877150216	-7.295873493139013	-7.283523315695229	-7.2466634781133	-7.112312943709578	-7.23123712115551	-7.251802033225043	-8.481346825524554	-8.485142058999642	-8.154665237932688	-8.491307754378191	-8.458904141019039	-8.247308354782792	-8.478681723614656	-8.482719146199715	-8.458197785356894	nan	nan	nan	nan	nan	nan	nan	nan	nan	nan	nan	
Slovenia	SVN	CO2 emissions from liquid fuel consumption (% of total)	EN.ATM.CO2E.LF.ZS	nan	nan	nan	nan	nan	nan	nan	nan	nan	nan	nan	nan	nan	nan	nan	nan	nan	nan	nan	nan	nan	nan	nan	nan	nan	nan	nan	nan	nan	nan	nan	nan	36.98439594699922	42.538281710914454	45.561329904482	46.70546648237733	50.652086330935255	50.42416401780038	45.872987096774196	49.92629107981221	46.10231086657496	45.372568270481146	43.592880154639175	44.70791180285344	44.51285168682368	44.72681104833647	45.05621091354997	44.27396319018405	48.352104657849345	46.728866709594335	46.50433270082227	46.600972663699935	46.96757415952538	45.988198630136985	49.784328018223235	49.19961275626424	48.96353194544149	nan	nan	nan	nan	
Slovenia	SVN	Renewable energy consumption (% of total final energy consumption)	EG.FEC.RNEW.ZS	nan	nan	nan	nan	nan	nan	nan	nan	nan	nan	nan	nan	nan	nan	nan	nan	nan	nan	nan	nan	nan	nan	nan	nan	nan	nan	nan	nan	nan	nan	12.3519505905187	13.130778170562	13.9008440270148	12.3567377774885	12.3360932493257	11.4948224778553	11.0941837619979	10.2327026065449	11.0884504569947	10.9503328020105	15.8652000427246	14.9923000335693	14.0965003967285	14.1843004226685	15.4107999801636	14.5666999816895	14.4146995544434	14.0903997421265	13.8527002334595	19.0291004180908	19.505500793457	18.5874004364014	19.7054996490479	22.0063991546631	22.3006992340088	20.8129005432129	20.7875995635986	19.6681995391846	21.0060997009277	nan	nan	
Slovenia	SVN	CO2 emissions from other sectors, excluding residential buildings and commercial and public services (% of total fuel combustion)	EN.CO2.OTHX.ZS	nan	nan	nan	nan	nan	nan	nan	nan	nan	nan	nan	nan	nan	nan	nan	nan	nan	nan	nan	nan	nan	nan	nan	nan	nan	nan	0.06816632583503755	0.07092198581560291	0.07189072609633364	0.0	0.1477104874446087	0.1568627450980363	0.08032128514056278	0.07530120481927634	-2.0979271062455719e-16	-1.5781421814145791e-15	0.0	0.06540222367560503	1.4617940199335546	1.5224913494809673	2.4893314366998585	2.28494623655914	2.054340622929092	2.0708082832331334	1.9028871391076112	1.8770226537216832	1.8342820999367484	1.9670050761421316	1.7857142857142867	1.7857142857142867	1.8122977346278328	1.6202203499675956	1.8157363819771362	1.8284106891701828	2.1159874608150466	nan	nan	nan	nan	nan	nan	
Slovenia	SVN	CO2 emissions from solid fuel consumption (% of total)	EN.ATM.CO2E.SF.ZS	nan	nan	nan	nan	nan	nan	nan	nan	nan	nan	nan	nan	nan	nan	nan	nan	nan	nan	nan	nan	nan	nan	nan	nan	nan	nan	nan	nan	nan	nan	nan	nan	46.15904130943102	41.564741887905605	38.58298310066128	37.632999308915	32.85670372792675	35.29458359821996	36.362445161290324	35.34191146881288	35.4342159559835	36.550786736020804	39.85972293814433	38.00172503242542	38.840789306174415	38.00512868801004	38.04147148988351	38.55974233128834	35.51022426682001	35.91440437862202	35.46390259329538	36.623375715193895	36.59748187211601	36.19278767123288	31.435406226271827	32.131495823842066	27.640703517587937	nan	nan	nan	nan	
Slovenia	SVN	Fossil fuel energy consumption (% of total)	EG.USE.COMM.FO.ZS	nan	nan	nan	nan	nan	nan	nan	nan	nan	nan	nan	nan	nan	nan	nan	nan	nan	nan	nan	nan	nan	nan	nan	nan	nan	nan	nan	nan	nan	nan	71.27504039493692	69.50208357555026	72.09984456219645	73.48132994672883	71.73326247160496	72.87552557405054	73.96249703719667	74.28475383728482	73.50536815263153	74.16533385090753	70.13821350811448	70.39380714786905	69.86246616850464	69.74644078624812	69.29592991535421	68.57141995307265	69.47994319835227	69.28048986762988	69.50734523744282	67.4233935026758	66.67921435641195	64.93527415967405	65.08201899686176	63.74931631204765	59.66320668167828	61.11419948689205	nan	nan	nan	nan	nan	
Slovenia	SVN	Access to electricity (% of population)	EG.ELC.ACCS.ZS	nan	nan	nan	nan	nan	nan	nan	nan	nan	nan	nan	nan	nan	nan	nan	nan	nan	nan	nan	nan	nan	nan	nan	nan	nan	nan	nan	nan	nan	nan	100.0	100.0	100.0	100.0	100.0	100.0	100.0	100.0	100.0	100.0	100.0	100.0	100.0	100.0	100.0	100.0	100.0	100.0	100.0	100.0	100.0	100.0	100.0	100.0	100.0	100.0	100.0	100.0	100.0	100.0	nan	
Slovenia	SVN	CO2 emissions from manufacturing industries and construction (% of total fuel combustion)	EN.CO2.MANF.ZS	nan	nan	nan	nan	nan	nan	nan	nan	nan	nan	nan	nan	nan	nan	nan	nan	nan	nan	nan	nan	nan	nan	nan	nan	nan	nan	20.10906612133606	19.574468085106382	20.632638389647738	19.51043916486681	19.350073855243725	18.03921568627451	14.779116465863456	13.177710843373495	14.890400604686318	13.077469793887705	12.516823687752357	12.622629169391761	12.026578073089702	13.771626297577855	16.856330014224753	14.11290322580645	12.259774685222002	14.362057448229793	14.56692913385827	15.40453074433657	16.192283364958886	14.530456852791879	13.273809523809524	12.566137566137566	12.168284789644012	11.147116007777058	11.230665770006725	11.744022503516174	13.244514106583072	nan	nan	nan	nan	nan	nan	
Slovenia	SVN	CO2 emissions from solid fuel consumption (kt)	EN.ATM.CO2E.SF.KT	nan	nan	nan	nan	nan	nan	nan	nan	nan	nan	nan	nan	nan	nan	nan	nan	nan	nan	nan	nan	nan	nan	nan	nan	nan	nan	nan	nan	nan	nan	nan	nan	5922.205	5636.179	5251.144	5445.495	5023.79	5551.838	5636.179	5269.479	5152.135	5621.511	6186.229	5859.866	6101.888	6054.217	6204.564	6285.238	6175.228	5577.507	5606.843	5760.857	5551.838	5284.147	4140.043	4231.718	3850.35	nan	nan	nan	nan	
Slovenia	SVN	Alternative and nuclear energy (% of total energy use)	EG.USE.COMM.CL.ZS	nan	nan	nan	nan	nan	nan	nan	nan	nan	nan	nan	nan	nan	nan	nan	nan	nan	nan	nan	nan	nan	nan	nan	nan	nan	nan	nan	nan	nan	nan	24.39529754947307	27.112603517367805	23.972351316569824	22.497388971569425	25.06598347310158	23.859835257368747	22.781612656811156	22.919062091687188	23.759663481208136	22.950324603623393	23.34049011632376	24.03917356976847	24.467662873595902	22.880674224144286	24.055585518722765	24.51621147220303	23.47990079785313	23.712329299300503	24.655217359067187	25.203725317273467	24.656584216070126	26.19567307515084	25.311582563092767	25.909776493609517	31.862637302200763	28.225847736256167	nan	nan	nan	nan	nan	
Slovenia	SVN	Access to electricity, urban (% of urban population)	EG.ELC.ACCS.UR.ZS	nan	nan	nan	nan	nan	nan	nan	nan	nan	nan	nan	nan	nan	nan	nan	nan	nan	nan	nan	nan	nan	nan	nan	nan	nan	nan	nan	nan	nan	nan	100.0	100.0	100.0	100.0	100.0	100.0	100.0	100.0	100.0	100.0	100.0	100.0	100.0	100.0	100.0	100.0	100.0	100.0	100.0	100.0	100.0	100.0	100.0	100.0	100.0	100.0	100.0	100.0	100.0	100.0	nan	
Slovenia	SVN	Droughts, floods, extreme temperatures (% of population, average 1990-2009)	EN.CLC.MDAT.ZS	nan	nan	nan	nan	nan	nan	nan	nan	nan	nan	nan	nan	nan	nan	nan	nan	nan	nan	nan	nan	nan	nan	nan	nan	nan	nan	nan	nan	nan	nan	nan	nan	nan	nan	nan	nan	nan	nan	nan	nan	nan	nan	nan	nan	nan	nan	nan	nan	nan	0.0	nan	nan	nan	nan	nan	nan	nan	nan	nan	nan	nan	
Slovenia	SVN	CO2 emissions (metric tons per capita)	EN.ATM.CO2E.PC	nan	nan	nan	nan	nan	nan	nan	nan	nan	nan	nan	nan	nan	nan	nan	nan	nan	nan	nan	nan	nan	nan	nan	nan	nan	nan	nan	nan	nan	nan	6.771226142437972	6.3718191543685725	6.426252367896186	6.808097016386627	6.841110803375618	7.27182451936607	7.688718050837059	7.920618583694704	7.82184758095486	7.51874011936189	7.310481792928341	7.7206509844081	7.781281805738695	7.726484454583854	7.86675292887574	7.963112742280079	8.12709156755701	8.076815970491378	8.603305965024765	7.613980503699375	7.71752962901674	7.66254409129193	7.374247688195224	7.087540346794319	6.387064859988943	6.382264186968841	6.745625512701436	6.8428581660365815	6.774695331583968	nan	nan	
Slovenia	SVN	GDP per unit of energy use (PPP $ per kg of oil equivalent)	EG.GDP.PUSE.KO.PP	nan	nan	nan	nan	nan	nan	nan	nan	nan	nan	nan	nan	nan	nan	nan	nan	nan	nan	nan	nan	nan	nan	nan	nan	nan	nan	nan	nan	nan	nan	nan	nan	nan	nan	nan	4.466634980600324	4.497933478287649	4.616594597287433	4.934540230870319	5.268565782971396	5.58285063753939	5.6041337320455415	5.910878728995367	6.095632527238509	6.373482218506948	6.5424318702241635	7.048662684372532	7.5897176572073635	7.716239214574013	7.876416060033811	7.774883756782025	8.10861011114737	8.482032641482414	8.99843550127358	9.538866522037702	9.962052438329945	nan	nan	nan	nan	nan	
Slovenia	SVN	Access to clean fuels and technologies for cooking (% of population)	EG.CFT.ACCS.ZS	nan	nan	nan	nan	nan	nan	nan	nan	nan	nan	nan	nan	nan	nan	nan	nan	nan	nan	nan	nan	nan	nan	nan	nan	nan	nan	nan	nan	nan	nan	nan	nan	nan	nan	nan	nan	nan	nan	nan	nan	100.0	100.0	100.0	100.0	100.0	100.0	100.0	100.0	100.0	100.0	100.0	100.0	100.0	100.0	100.0	100.0	100.0	100.0	100.0	100.0	nan	
Slovenia	SVN	CO2 emissions from gaseous fuel consumption (% of total)	EN.ATM.CO2E.GF.ZS	nan	nan	nan	nan	nan	nan	nan	nan	nan	nan	nan	nan	nan	nan	nan	nan	nan	nan	nan	nan	nan	nan	nan	nan	nan	nan	nan	nan	nan	nan	nan	nan	10.975276695245517	10.384424778761062	10.588765613519472	11.809412577747063	10.912262916939175	11.56282263191354	12.112929032258064	13.108725687458081	13.01356258596974	12.660448634590377	12.097319587628865	13.459935149156937	13.094761298535964	13.35128688010044	12.635524218271	12.84574846625767	11.576670500287522	12.254816484224081	12.50166350411132	10.74689764780674	10.732682926829268	10.850301369863013	10.886841305998482	11.555087319665908	11.582770997846376	nan	nan	nan	nan	
Slovenia	SVN	Electricity production from oil sources (% of total)	EG.ELC.PETR.ZS	nan	nan	nan	nan	nan	nan	nan	nan	nan	nan	nan	nan	nan	nan	nan	nan	nan	nan	nan	nan	nan	nan	nan	nan	nan	nan	nan	nan	nan	nan	7.875281260045002	4.394224733207784	2.503240440699935	2.1848317428427926	2.1015897634742147	2.0367071943003174	2.0295626866814733	2.648755312689739	1.048951048951049	1.0707283969235408	0.40369935408103347	0.8710078805474907	0.45211672831894784	0.361794500723589	0.2815794643441818	0.27783290335384003	0.3440291101554747	0.19278069534002526	0.09756692481248856	0.170700481619216	0.049215625961242696	0.10053408733898839	0.05788525855415488	0.04427857549497122	0.24471246285614404	0.1147330768711615	nan	nan	nan	nan	nan	
Slovenia	SVN	CO2 emissions from electricity and heat production, total (% of total fuel combustion)	EN.CO2.ETOT.ZS	nan	nan	nan	nan	nan	nan	nan	nan	nan	nan	nan	nan	nan	nan	nan	nan	nan	nan	nan	nan	nan	nan	nan	nan	nan	nan	47.10293115201091	47.801418439716315	49.6764917325665	49.82001439884809	46.75036927621862	42.8235294117647	47.95180722891567	45.48192771084338	42.630385487528336	42.217484008528785	38.088829071332434	39.04512753433617	42.192691029900324	38.339100346020764	40.3271692745377	41.397849462365585	42.94234592445328	41.282565130260515	41.01049868766404	40.84142394822006	40.79696394686906	41.62436548223351	37.97619047619047	40.410052910052904	40.25889967637541	40.82955281918341	40.484196368527236	40.85794655414908	35.658307210031346	nan	nan	nan	nan	nan	nan	
Slovenia	SVN	CO2 emissions (kg per 2017 PPP $ of GDP)	EN.ATM.CO2E.PP.GD.KD	nan	nan	nan	nan	nan	nan	nan	nan	nan	nan	nan	nan	nan	nan	nan	nan	nan	nan	nan	nan	nan	nan	nan	nan	nan	nan	nan	nan	nan	nan	nan	nan	nan	nan	nan	0.33853414750354555	0.3466163860692169	0.33944946162828005	0.3238653895458687	0.29576542618844254	0.2782089742808497	0.28511080859030635	0.2779618696337019	0.26823055559403347	0.26186011202391707	0.25581150280301285	0.24768099045014594	0.23137853817112944	0.23848079284629778	0.23036209870978475	0.2314059262343323	0.22826884885587845	0.2261103478505845	0.2198776038662789	0.1929991244682217	0.18882591759513556	0.19354481278023328	0.1874367794036828	0.17835592943648446	nan	nan	
Slovenia	SVN	Energy imports, net (% of energy use)	EG.IMP.CONS.ZS	nan	nan	nan	nan	nan	nan	nan	nan	nan	nan	nan	nan	nan	nan	nan	nan	nan	nan	nan	nan	nan	nan	nan	nan	nan	nan	nan	nan	nan	nan	46.25814860362943	44.13296296789562	42.85879580279168	48.765033881761354	48.55381640176467	51.082345112113956	54.519486667740836	54.396613484913246	52.75726359299746	55.394793402670864	51.69706328456246	53.08924012876486	51.13535906991535	52.75678572208757	51.48687153826448	51.90704531204433	52.991502011395006	52.73850900836998	52.64853433741348	47.76697338199682	48.20691467721	47.40093841102523	48.97976161997901	47.28520685085569	44.49892058418829	48.54314649219532	nan	nan	nan	nan	nan	
Slovenia	SVN	Access to electricity, rural (% of rural population)	EG.ELC.ACCS.RU.ZS	nan	nan	nan	nan	nan	nan	nan	nan	nan	nan	nan	nan	nan	nan	nan	nan	nan	nan	nan	nan	nan	nan	nan	nan	nan	nan	nan	nan	nan	nan	100.0	100.0	100.0	100.0	100.0	100.0	100.0	100.0	100.0	100.0	100.0	100.0	100.0	100.0	100.0	100.0	100.0	100.0	100.0	100.0	100.0	100.0	100.0	100.0	100.0	100.0	100.0	100.0	100.0	100.0	nan	
Slovenia	SVN	CO2 emissions from transport (% of total fuel combustion)	EN.CO2.TRAN.ZS	nan	nan	nan	nan	nan	nan	nan	nan	nan	nan	nan	nan	nan	nan	nan	nan	nan	nan	nan	nan	nan	nan	nan	nan	nan	nan	15.814587593728696	17.30496453900709	18.547807332854063	18.3585313174946	19.350073855243725	19.450980392156865	20.562248995983936	23.268072289156628	26.077097505668934	27.292110874200425	29.340511440107676	29.823413996075864	25.182724252491695	24.844290657439448	25.10668563300142	24.798387096774192	25.182239893969516	25.78490313961256	26.509186351706038	27.896440129449836	28.779253636938645	32.67766497461929	36.07142857142856	33.5978835978836	33.72168284789644	36.098509397278036	37.52521856086079	37.20112517580872	41.53605015673981	nan	nan	nan	nan	nan	nan	
Slovenia	SVN	Energy use (kg of oil equivalent) per $1,000 GDP (constant 2017 PPP)	EG.USE.COMM.GD.PP.KD	nan	nan	nan	nan	nan	nan	nan	nan	nan	nan	nan	nan	nan	nan	nan	nan	nan	nan	nan	nan	nan	nan	nan	nan	nan	nan	nan	nan	nan	nan	nan	nan	nan	nan	nan	141.96182652115698	143.36740613139875	141.8719637684309	134.7247007135621	127.5500004916151	122.70755050225782	124.85884705730561	122.32783086105026	120.23879965930772	118.87413980032449	117.12092793333348	111.20628942079465	104.06299436754742	106.34988559763428	105.77893822127368	107.31654010816779	106.29098778541139	104.9884599629669	103.3376997623274	97.78994529454555	93.93190434144385	nan	nan	nan	nan	nan	
Slovenia	SVN	Electricity production from coal sources (% of total)	EG.ELC.COAL.ZS	nan	nan	nan	nan	nan	nan	nan	nan	nan	nan	nan	nan	nan	nan	nan	nan	nan	nan	nan	nan	nan	nan	nan	nan	nan	nan	nan	nan	nan	nan	31.2600450016072	28.42121782799749	37.581011017498376	39.27674535409342	35.781310585498254	35.65399210098351	34.188557861683385	35.71645415907711	36.3053613053613	33.780726888855376	33.84468584850264	34.003871146135765	36.32004384162214	36.96092619392185	33.992534870015064	34.868029370906925	35.96427390009924	36.442199029448915	32.45929629855479	31.286959702493444	32.53152876038142	33.34590009425071	33.09107280679187	30.843190587639953	21.90176542562489	29.594384828237835	nan	nan	nan	nan	nan	
Slovenia	SVN	CO2 emissions from gaseous fuel consumption (kt)	EN.ATM.CO2E.GF.KT	nan	nan	nan	nan	nan	nan	nan	nan	nan	nan	nan	nan	nan	nan	nan	nan	nan	nan	nan	nan	nan	nan	nan	nan	nan	nan	nan	nan	nan	nan	nan	nan	1408.128	1408.128	1441.131	1708.822	1668.485	1818.832	1877.504	1954.511	1892.172	1947.177	1877.504	2075.522	2057.187	2126.86	2060.854	2093.857	2013.183	1903.173	1976.513	1690.487	1628.148	1584.144	1433.797	1521.805	1613.48	nan	nan	nan	nan	
Slovenia	SVN	Electricity production from nuclear sources (% of total)	EG.ELC.NUCL.ZS	nan	nan	nan	nan	nan	nan	nan	nan	nan	nan	nan	nan	nan	nan	nan	nan	nan	nan	nan	nan	nan	nan	nan	nan	nan	nan	nan	nan	nan	nan	37.142397942783674	38.85750156936598	32.169475048606614	33.11568725933367	35.742535866614965	37.00921551924417	35.59010492456154	38.091985428051004	36.72785547785548	35.4094405067109	34.94568408690546	36.34038434950919	37.86820112344157	37.67727930535456	35.747495252439265	38.923066746047496	36.70525967581872	37.858139998670474	38.2523324592963	34.987502286167164	34.80159950784374	39.0512095507383	35.554412143040906	33.52520716047821	37.114723533181845	38.11837753931295	nan	nan	nan	nan	nan	
Slovenia	SVN	Population density (people per sq. km of land area)	EN.POP.DNST	nan	79.15248262164846	79.62507447864945	80.28654419066534	81.03843098311818	81.88480635551142	82.9148460774578	83.8891757696127	84.63485600794439	85.09801390268123	85.64503475670308	86.31256206554121	87.00263157894737	87.7208043694141	88.18927507447864	89.05566037735849	90.37979145978153	91.47850049652433	92.48003972194637	93.47562065541211	94.40491559086395	94.66390268123138	94.85273088381331	95.4479145978153	95.9361469712016	96.40719960278054	97.61489572989076	98.79721946375372	99.06633565044687	99.12368421052632	99.2135551142006	99.27651439920557	99.1309831181728	98.89503475670308	98.78068520357498	98.80198609731877	98.74021847070506	98.60754716981133	98.39270109235352	98.46300893743793	98.75496524329692	98.91062562065541	99.03326713008937	99.09299900695135	99.15650446871896	99.32840119165839	99.64587884806356	100.2046673286991	100.33237037257646	101.24537124363391	101.68582660749918	101.89829246500545	102.1140491519282	102.28167825223436	102.38232373386296	102.44610924111089	102.52417833382981	102.610871929328	102.99229256470868	103.71193460598715	104.29500804513219	
Slovenia	SVN	CO2 intensity (kg per kg of oil equivalent energy use)	EN.ATM.CO2E.EG.ZS	nan	nan	nan	nan	nan	nan	nan	nan	nan	nan	nan	nan	nan	nan	nan	nan	nan	nan	nan	nan	nan	nan	nan	nan	nan	nan	nan	nan	nan	nan	2.3695794338018668	2.2928869750701635	2.486617231501545	2.507226303244584	2.4191340886387795	2.3846843605741634	2.4176791323931526	2.3926465286851393	2.403905058467624	2.3188194829359148	2.26725228514549	2.2834650111693806	2.272270076867734	2.230815313809311	2.2028349686800617	2.184165608290122	2.2272210658242826	2.2234468609841005	2.242417013484805	2.177769058599376	2.156293205139588	2.1475842271475125	2.153668583483761	2.127757869315735	1.9736090851355317	2.0102426211732123	nan	nan	nan	nan	nan	
Slovenia	SVN	Electricity production from natural gas sources (% of total)	EG.ELC.NGAS.ZS	nan	nan	nan	nan	nan	nan	nan	nan	nan	nan	nan	nan	nan	nan	nan	nan	nan	nan	nan	nan	nan	nan	nan	nan	nan	nan	nan	nan	nan	nan	0.01607200257152041	0.015693659761456372	0.016202203499675955	0.016742005692281934	0.015509887553315237	0.1161620072794858	0.06126981695642184	0.07589556769884638	0.793997668997669	1.2969386216256975	2.1506165590135056	2.04617724319093	1.972872996300863	2.677279305354559	2.3443127496562113	2.242508434213138	2.4545153820707903	3.0113674134148773	2.902616013171535	3.6151923428641104	3.3712703783451246	3.0725730442978323	3.4152302546951376	3.219684989562907	2.179106216861854	2.726597826820544	nan	nan	nan	nan	nan	
Slovenia	SVN	Fish species, threatened	EN.FSH.THRD.NO	nan	nan	nan	nan	nan	nan	nan	nan	nan	nan	nan	nan	nan	nan	nan	nan	nan	nan	nan	nan	nan	nan	nan	nan	nan	nan	nan	nan	nan	nan	nan	nan	nan	nan	nan	nan	nan	nan	nan	nan	nan	nan	nan	nan	nan	nan	nan	nan	nan	nan	nan	nan	nan	nan	nan	nan	nan	nan	33.0	nan	nan	
Slovenia	SVN	Combustible renewables and waste (% of total energy)	EG.USE.CRNW.ZS	nan	nan	nan	nan	nan	nan	nan	nan	nan	nan	nan	nan	nan	nan	nan	nan	nan	nan	nan	nan	nan	nan	nan	nan	nan	nan	nan	nan	nan	nan	4.668865565159582	4.806484334758618	5.153353270202069	4.880450938333142	4.67253422514833	4.328507986879786	4.1493598842676445	3.990822200352585	4.0719943975053985	3.532026271867043	6.912395601530568	6.437122608411881	5.981188239128315	6.314423537503086	6.211134692771827	6.192095870747853	5.953125940953106	5.877520624856772	5.775515410975465	8.602981734645642	8.784085996955548	8.620876143370158	8.817999601067323	9.56564530888413	8.360688913951543	9.150437765819099	nan	nan	nan	nan	nan	
Slovenia	SVN	Electricity production from oil, gas and coal sources (% of total)	EG.ELC.FOSL.ZS	nan	nan	nan	nan	nan	nan	nan	nan	nan	nan	nan	nan	nan	nan	nan	nan	nan	nan	nan	nan	nan	nan	nan	nan	nan	nan	nan	nan	nan	nan	39.15139826422372	32.83113622096673	40.10045366169799	41.4783191026285	37.898410236525784	37.80686130256331	36.279390365321284	38.4411050394657	38.148310023310025	36.14839390740461	36.399001761597184	36.921056269874185	38.74503356624195	40.0	36.61842708401545	37.38837070847391	38.76281839232551	39.646347138203815	35.45947923653882	35.072852526976774	35.95201476468779	36.51900722588753	36.56418832004116	34.10715415269783	24.32558410534289	32.43571573192954	nan	nan	nan	nan	nan	
Slovenia	SVN	Plant species (higher), threatened	EN.HPT.THRD.NO	nan	nan	nan	nan	nan	nan	nan	nan	nan	nan	nan	nan	nan	nan	nan	nan	nan	nan	nan	nan	nan	nan	nan	nan	nan	nan	nan	nan	nan	nan	nan	nan	nan	nan	nan	nan	nan	nan	nan	nan	nan	nan	nan	nan	nan	nan	nan	nan	nan	nan	nan	nan	nan	nan	nan	nan	nan	nan	7.0	nan	nan	
Slovenia	SVN	Electric power consumption (kWh per capita)	EG.USE.ELEC.KH.PC	nan	nan	nan	nan	nan	nan	nan	nan	nan	nan	nan	nan	nan	nan	nan	nan	nan	nan	nan	nan	nan	nan	nan	nan	nan	nan	nan	nan	nan	nan	5334.9054455571895	5087.452467679523	4943.155465219599	4950.932498420983	5240.160185539369	5312.904548634284	5365.508280080538	5434.662197954033	5574.7064662457	5675.615026386189	5777.995650916952	6006.345190405911	6380.951903455952	6578.034236042597	6830.7050733796295	6917.860467069305	7123.537771293379	7137.824175148975	6920.244039031997	6104.421844916994	6510.841884365926	6753.07366418182	6718.975052487435	6779.280886505663	6727.999301642111	nan	nan	nan	nan	nan	nan	
Slovenia	SVN	Electricity production from hydroelectric sources (% of total)	EG.ELC.HYRO.ZS	nan	nan	nan	nan	nan	nan	nan	nan	nan	nan	nan	nan	nan	nan	nan	nan	nan	nan	nan	nan	nan	nan	nan	nan	nan	nan	nan	nan	nan	nan	23.706203792992607	28.311362209667294	27.730071289695395	25.405993638037838	26.359053896859248	25.18392317819252	28.130504710117176	23.466909532483303	25.123834498834498	28.208415020358917	28.141514973576044	26.24084059173234	22.688039457459926	21.396526772793052	26.808984349420474	22.894754250181915	23.757856434005955	21.711094861397328	24.50149399353619	28.74474181552155	27.79452476161181	22.381401193842287	25.077180344738874	29.28078942374597	35.49496008856261	25.700209219140174	nan	nan	nan	nan	nan	
Slovenia	SVN	CO2 emissions (kg per 2015 US$ of GDP)	EN.ATM.CO2E.KD.GD	nan	nan	nan	nan	nan	nan	nan	nan	nan	nan	nan	nan	nan	nan	nan	nan	nan	nan	nan	nan	nan	nan	nan	nan	nan	nan	nan	nan	nan	nan	nan	nan	nan	nan	nan	0.5479594377859144	0.5610415417129652	0.5494409870384362	0.5242162366265037	0.47873296636651097	0.450315674971411	0.46148714844252303	0.44991570550149507	0.434164368717843	0.4238530169594763	0.41406259394745604	0.4009023529181764	0.37451481520235985	0.386010693853056	0.37286958207037274	0.37455914617406644	0.36948139797860413	0.3659875968183865	0.3558991288907371	0.31239298167306107	0.3056381295885557	0.3132762457776167	0.30338963741130076	0.2886911572746932	nan	nan	
Slovenia	SVN	Renewable electricity output (% of total electricity output)	EG.ELC.RNEW.ZS	nan	nan	nan	nan	nan	nan	nan	nan	nan	nan	nan	nan	nan	nan	nan	nan	nan	nan	nan	nan	nan	nan	nan	nan	nan	nan	nan	nan	nan	nan	23.7062037929926	28.3113622096673	27.7300712896954	25.4059936380378	26.3590538968592	25.1839231781925	28.1305047101172	23.4669095324833	25.1238344988345	28.4421655858845	28.6553141514974	26.7385593806166	23.3867653103165	22.2793053545586	27.6013358653657	23.6488721307138	24.4988422097254	22.462274812205	26.2698945057625	29.9152594037676	29.2156259612427	24.3795161797047	27.8428093645485	32.323360111329	38.5189069509992	29.3919146925828	nan	nan	nan	nan	nan	
Slovenia	SVN	Bird species, threatened	EN.BIR.THRD.NO	nan	nan	nan	nan	nan	nan	nan	nan	nan	nan	nan	nan	nan	nan	nan	nan	nan	nan	nan	nan	nan	nan	nan	nan	nan	nan	nan	nan	nan	nan	nan	nan	nan	nan	nan	nan	nan	nan	nan	nan	nan	nan	nan	nan	nan	nan	nan	nan	nan	nan	nan	nan	nan	nan	nan	nan	nan	nan	10.0	nan	nan	
Slovenia	SVN	CO2 emissions (kt)	EN.ATM.CO2E.KT	nan	nan	nan	nan	nan	nan	nan	nan	nan	nan	nan	nan	nan	nan	nan	nan	nan	nan	nan	nan	nan	nan	nan	nan	nan	nan	nan	nan	nan	nan	13530.0	12740.0	12830.0	13560.0	13610.0	14470.0	15290.0	15730.0	15500.0	14910.0	14540.0	15380.0	15520.0	15420.0	15710.0	15930.0	16310.0	16300.0	17390.0	15530.0	15810.0	15730.0	15170.0	14600.0	13170.0	13170.0	13930.0	14140.0	14050.0	nan	nan	
Slovenia	SVN	Electricity production from renewable sources, excluding hydroelectric (kWh)	EG.ELC.RNWX.KH	nan	nan	nan	nan	nan	nan	nan	nan	nan	nan	nan	nan	nan	nan	nan	nan	nan	nan	nan	nan	nan	nan	nan	nan	nan	nan	nan	nan	nan	nan	0.0	0.0	0.0	0.0	0.0	0.0	0.0	0.0	0.0	31000000.0	70000000.0	72000000.0	102000000.0	122000000.0	121000000.0	114000000.0	112000000.0	113000000.0	290000000.0	192000000.0	231000000.0	318000000.0	430000000.0	481000000.0	519000000.0	547000000.0	nan	nan	nan	nan	nan	
Slovenia	SVN	CO2 emissions from residential buildings and commercial and public services (% of total fuel combustion)	EN.CO2.BLDG.ZS	nan	nan	nan	nan	nan	nan	nan	nan	nan	nan	nan	nan	nan	nan	nan	nan	nan	nan	nan	nan	nan	nan	nan	nan	nan	nan	13.29243353783231	12.624113475177307	10.208483105679367	11.519078473722102	14.401772525849335	19.529411764705884	16.626506024096386	17.99698795180723	16.402116402116402	17.341862117981524	20.053835800807537	18.443427076520607	19.069767441860467	21.591695501730104	15.220483641536273	17.40591397849462	17.56129887342611	16.566466265865063	16.01049868766404	14.045307443365695	12.397216951296647	9.263959390862944	10.95238095238095	11.706349206349206	12.03883495145631	10.304601425793908	8.809683927370546	8.368495077355837	7.523510971786834	nan	nan	nan	nan	nan	nan	
Slovenia	SVN	CO2 emissions (kg per PPP $ of GDP)	EN.ATM.CO2E.PP.GD	nan	nan	nan	nan	nan	nan	nan	nan	nan	nan	nan	nan	nan	nan	nan	nan	nan	nan	nan	nan	nan	nan	nan	nan	nan	nan	nan	nan	nan	nan	nan	nan	nan	nan	nan	0.5338883456856055	0.5375088680310045	0.5182708765658097	0.4871588731669212	0.4401234754305627	0.4061101455769501	0.40746083522455534	0.38442170463103664	0.36596945498942873	0.34562502775697673	0.3338461372797277	0.3159778195603282	0.2929551481895596	0.2906100952973892	0.27649238460747694	0.2773408931366537	0.2648523233587352	0.2539094901558127	0.23645864539614536	0.2069018452638886	0.2017900059869804	0.19877465682317064	0.1874367794036828	0.17388159130219308	nan	nan	
Slovenia	SVN	GDP per unit of energy use (constant 2017 PPP $ per kg of oil equivalent)	EG.GDP.PUSE.KO.PP.KD	nan	nan	nan	nan	nan	nan	nan	nan	nan	nan	nan	nan	nan	nan	nan	nan	nan	nan	nan	nan	nan	nan	nan	nan	nan	nan	nan	nan	nan	nan	nan	nan	nan	nan	nan	7.0441471803053135	6.975086088141139	7.048608995306783	7.42254385946715	7.840062690283864	8.149457762842394	8.009044001031315	8.174754616027483	8.316782958857406	8.412258559176301	8.538183718704918	8.992297155209355	9.609563957654625	9.40292501849428	9.45367780028336	9.318228103441166	9.408135354042232	9.524856354238695	9.677010445364665	10.22600019856824	10.64601007518154	nan	nan	nan	nan	nan	
Slovenia	SVN	Energy intensity level of primary energy (MJ/$2011 PPP GDP)	EG.EGY.PRIM.PP.KD	nan	nan	nan	nan	nan	nan	nan	nan	nan	nan	nan	nan	nan	nan	nan	nan	nan	nan	nan	nan	nan	nan	nan	nan	nan	nan	nan	nan	nan	nan	6.39531150136286	6.83131162502743	6.71021495531184	6.83924817998698	6.75458485692514	6.99773530535642	7.04563353819047	6.96785630344751	6.61642754301574	6.2675424944426	6.0016294202769	6.12269972472676	5.9794811525424	5.88412028013888	5.8177509267167	5.72064891425574	5.43640102060255	5.08903144787784	5.21141846798102	5.19743450878757	5.27850945809615	5.23907782687545	5.17906431176072	5.09910519902701	4.74500023199051	4.58220312656261	nan	nan	nan	nan	nan	
